0 0.763034 0.334039 0.108974 0.098549
0 0.630128 0.241233 0.112393 0.073761
0 0.762179 0.624849 0.082479 0.117896
1 0.102564 0.641475 0.103419 0.070133
1 0.095085 0.752418 0.108974 0.094921
1 0.092735 0.870617 0.098291 0.065296
0 0.108547 0.086155 0.098291 0.068319
0 0.118803 0.256651 0.088889 0.084039
0 0.112393 0.457074 0.074359 0.120919
0 0.252991 0.105804 0.099145 0.073761
0 0.229701 0.250302 0.091880 0.078597
0 0.242949 0.419891 0.077350 0.142080
0 0.225855 0.579504 0.111538 0.080411
0 0.224145 0.710399 0.099573 0.076179
0 0.208547 0.866385 0.089744 0.137848
0 0.352564 0.205260 0.078632 0.114268
0 0.362821 0.401149 0.108547 0.098549
0 0.365598 0.538996 0.088462 0.093712
0 0.379274 0.667775 0.091880 0.093712
0 0.366880 0.769649 0.103846 0.060459
0 0.380983 0.899033 0.089316 0.090689
0 0.491880 0.851270 0.092308 0.091898
0 0.508120 0.667473 0.104274 0.108827
0 0.501496 0.442563 0.091026 0.105200
0 0.496581 0.246977 0.078632 0.140871
0 0.621795 0.088875 0.082906 0.089480
0 0.625000 0.358827 0.091026 0.082830
0 0.617735 0.532346 0.079915 0.114268
0 0.637607 0.705865 0.095726 0.087666
0 0.619017 0.887848 0.069658 0.115478
0 0.735684 0.920496 0.102137 0.081620
0 0.743162 0.784764 0.102564 0.101572
0 0.754701 0.460097 0.105128 0.074970
0 0.908761 0.443470 0.058547 0.155381
0 0.893162 0.287787 0.095726 0.103990
0 0.757051 0.194680 0.102137 0.074970
0 0.889103 0.130895 0.094444 0.099758
0 0.884829 0.625151 0.102991 0.102781
0 0.902350 0.741233 0.101282 0.077388
0 0.908547 0.877872 0.090598 0.088271
