1 0.086752 0.107013 0.105128 0.089480
1 0.090385 0.238513 0.101282 0.063482
1 0.102137 0.349154 0.079487 0.086457
1 0.074145 0.538089 0.072222 0.147521
1 0.091453 0.698609 0.097436 0.079202
1 0.099359 0.852177 0.087607 0.081620
1 0.227137 0.780230 0.101282 0.081620
1 0.357265 0.889359 0.094017 0.089480
1 0.369872 0.457981 0.068803 0.128779
1 0.482051 0.749093 0.076068 0.122128
1 0.628205 0.786276 0.085470 0.098549
1 0.620085 0.466445 0.092308 0.096131
0 0.250641 0.055623 0.100427 0.073761
0 0.247009 0.205260 0.074359 0.100967
0 0.238675 0.355502 0.078205 0.123337
0 0.232906 0.519045 0.096581 0.077993
0 0.226709 0.644800 0.094444 0.099758
0 0.354060 0.620617 0.092735 0.069528
0 0.356838 0.749698 0.094872 0.089480
0 0.480128 0.547461 0.092735 0.108222
0 0.353419 0.268742 0.100855 0.047763
0 0.383120 0.111245 0.093590 0.120919
0 0.494231 0.136034 0.092735 0.078597
0 0.492521 0.318924 0.091026 0.081620
0 0.620940 0.209794 0.094017 0.071342
0 0.620085 0.332527 0.094017 0.085852
0 0.607906 0.098549 0.101282 0.093108
0 0.767735 0.276602 0.097863 0.079202
0 0.757479 0.411729 0.112393 0.090689
0 0.747650 0.578295 0.078205 0.127570
0 0.624145 0.586155 0.079915 0.080411
0 0.750855 0.751209 0.095726 0.081620
0 0.722863 0.887243 0.078205 0.077993
0 0.869017 0.900242 0.099573 0.093108
0 0.862607 0.738210 0.099573 0.123337
0 0.871154 0.537485 0.059402 0.130593
0 0.890812 0.358222 0.098718 0.068319
0 0.898504 0.262696 0.091026 0.085248
0 0.905769 0.134220 0.094444 0.072551
0 0.791453 0.139964 0.094872 0.115478
