1 0.611752 0.529021 0.073077 0.107618
0 0.104701 0.088271 0.096581 0.072551
0 0.112393 0.247582 0.082051 0.086457
0 0.104487 0.457376 0.061966 0.132406
0 0.094658 0.628174 0.097009 0.064087
0 0.085256 0.743652 0.089316 0.074970
0 0.084402 0.870617 0.089316 0.078597
0 0.201923 0.862152 0.082479 0.124547
0 0.219658 0.703748 0.100855 0.105200
0 0.217308 0.568622 0.094444 0.079202
0 0.240385 0.409311 0.079915 0.107618
0 0.226923 0.232164 0.105128 0.087062
0 0.254915 0.102479 0.084188 0.091294
0 0.350855 0.204353 0.086325 0.107618
0 0.352991 0.399637 0.088889 0.056832
0 0.362393 0.534462 0.083761 0.102781
0 0.364530 0.662938 0.084615 0.081620
0 0.369231 0.778114 0.099145 0.074970
0 0.376496 0.905079 0.097436 0.087062
0 0.492735 0.844619 0.097436 0.078597
0 0.497009 0.674728 0.091453 0.123337
0 0.495940 0.425030 0.089316 0.094317
0 0.491026 0.237908 0.073504 0.111850
0 0.618162 0.226119 0.090171 0.079807
0 0.610684 0.087969 0.088034 0.093712
0 0.625641 0.355502 0.101709 0.073761
0 0.630342 0.706469 0.103419 0.076784
0 0.610256 0.893591 0.082051 0.122128
0 0.734829 0.917775 0.100427 0.076179
0 0.735256 0.781741 0.079060 0.106409
0 0.751709 0.630290 0.076068 0.115478
0 0.745085 0.447400 0.092735 0.116082
0 0.749573 0.330109 0.088889 0.088271
0 0.747222 0.190145 0.090171 0.084039
0 0.877350 0.117594 0.092308 0.081620
0 0.882051 0.276602 0.084615 0.086457
0 0.901923 0.436215 0.083333 0.129988
0 0.892308 0.625151 0.100855 0.089480
0 0.903419 0.734885 0.094017 0.071947
0 0.904915 0.881197 0.087607 0.065901
